100 101
101 103
102 100
102 101
102 104
102 105
102 106
1800 201
1801 203
1802 200
1802 201
1802 204
1802 205
1802 206
100 1801
101 1803
102 1800
102 1801
102 1804
102 1805
102 1806
1800 1801
1801 1803
1802 1800
1802 1801
1802 1804
1802 1805
1802 1806
500 1001
501 1003
502 1000
502 1001
502 1004
502 1005
502 1006
1500 1001
1501 1003
1502 1000
1502 1001
1502 1004S
1502 1005
1502 1006
1000 501
1001 503
1002 500
1002 501
1002 504
1002 505
1002 506
1000 1501
1001 1503
1002 1500
1002 1501
1002 1504
1002 1505
1002 1506
300 701
301 703
302 700
302 701
302 704
302 705
302 706
300 1301
301 1303
302 1300
302 1301
302 1304
302 1305
302 1306
1700 701
1701 703
1702 700
1702 701
1702 704
1702 705
1702 706
1700 1301
1701 1303
1702 1300
1702 1301
1702 1304
1702 1305
1702 1306
700 301
701 303
702 300
702 301
702 304
702 305
702 306
1300 301
1301 303
1302 300
1302 301
1302 304
1302 305
1302 306
700 1701
701 1703
702 1700
702 1701
702 1704
702 1705
702 1706
1300 1701
1301 1703
1302 1700
1302 1701
1302 1704
1302 1705
1302 1706
801 802
803 801
800 800
801 800
804 800
805 800
806 800
1201 1202
1203 1201
1200 1200
1201 1200
1204 1200
1205 1200
1206 1200
801 1202
803 1201
800 1200
801 1200
804 1200
805 1200
806 1200
1201 802
1203 801
1200 800
1201 800
1204 800
1205 800
1206 800
602 1005
601 1003
600 1006
600 1005
600 1002
600 1001
600 1000
1402 1005
1401 1003
1400 1006
1400 1005
1400 1002
1400 1001
1400 1000
1002 605
1001 603
1000 606
1000 605
1000 602
1000 601
1000 600
1002 1405
1001 1403
1000 1406
1000 1405
1000 1402
1000 1401
1000 1400
1000 1001
1001 1003
1002 1000
1002 1001
1002 1004
1002 1005
1002 1006
1101 902
1103 901
1100 900
1101 900
1104 900
1105 900
1106 900
901 1102
903 1101
900 1100
901 1100
904 1100
905 1100
906 1100
702 705
701 703
700 706
700 705
700 702
700 701
700 700
1302 1305
1301 1303
1300 1306
1300 1305
1300 1302
1300 1301
1300 1300
902 905
901 903
900 906
900 905
900 902
900 901
900 900